Clonorchis_sinensis_MT607652	0.0000000	1.3561595	1.7696706	0.9965514	1.3788717	1.7431057	1.3393030	2.8191577	1.4383880	1.4103577	1.3922636	1.4063056	1.2951830	1.3222096	3.1412969	1.2656999	1.3298935	1.3078443	
Echinococcus_multilocularis_AB018440	1.3561595	0.0000000	1.2697974	1.1315071	1.4965075	1.4528966	0.3970941	1.8035142	1.5658863	1.0960310	1.5870400	0.9225163	0.5468226	1.3625802	2.1450405	0.9863647	0.2456940	1.2909320	
Eudiplozoon_nipponicum_MW704020	1.7696706	1.2697974	0.0000000	1.4328095	2.2723638	0.6331170	1.0548456	1.6331140	0.7608179	1.2241805	0.5313281	1.1991920	1.2732411	0.9988311	2.1428870	1.2195499	1.0603045	1.1313500	
Fasciola_hepatica_AF216697	0.9965514	1.1315071	1.4328095	0.0000000	1.8080525	1.2685664	1.1038071	2.1924743	1.1890029	1.3423251	1.5735887	1.2776754	1.1194369	1.2597015	2.9139144	1.1751708	1.2431299	1.2205424	
Gyrodactylus_salaris_NC_008815	1.3788717	1.4965075	2.2723638	1.8080525	0.0000000	2.0468356	1.5986762	2.1446377	1.8441236	1.4120167	2.3290306	1.1106355	1.5345948	1.9675974	2.9453332	1.4144953	1.6302273	2.0118456	
Heterobothrium_okamotoi_MK948930	1.7431057	1.4528966	0.6331170	1.2685664	2.0468356	0.0000000	1.3088489	1.5817709	0.6856533	1.1433759	0.8358413	1.3009906	1.2133981	1.1382449	2.3548641	1.4767556	1.2462784	1.2930846	
Hymenolepis_microstoma_LC102493	1.3393030	0.3970941	1.0548456	1.1038071	1.5986762	1.3088489	0.0000000	1.9973569	1.2924331	0.9564456	1.2696007	0.9339282	0.4688458	1.1889556	2.3347122	1.0343574	0.3739129	1.1915330	
Macrostomum_lignano_NC_035255	2.8191577	1.8035142	1.6331140	2.1924743	2.1446377	1.5817709	1.9973569	0.0000000	1.8966947	1.7606258	2.3809301	1.7189898	1.8637260	1.9962951	1.9576754	2.7649147	1.8863604	2.0071898	
Microcotyle_sebastis_DQ412044	1.4383880	1.5658863	0.7608179	1.1890029	1.8441236	0.6856533	1.2924331	1.8966947	0.0000000	1.2885753	0.8788384	1.3352254	1.5889290	1.3139190	2.3809698	1.4115797	1.2856832	1.5250157	
Neobenedenia_melleni_JQ038228	1.4103577	1.0960310	1.2241805	1.3423251	1.4120167	1.1433759	0.9564456	1.7606258	1.2885753	0.0000000	1.5679094	0.7110777	1.0521223	1.6722681	2.3293787	1.0582530	1.1224959	1.5102488	
Paradiplozoon_opsariichthydis_MG458327	1.3922636	1.5870400	0.5313281	1.5735887	2.3290306	0.8358413	1.2696007	2.3809301	0.8788384	1.5679094	0.0000000	1.4715061	1.4185698	1.2004472	2.3269261	1.5930020	1.2815391	1.2392913	
Rhabdosynochus_viridisi_MW565922	1.4063056	0.9225163	1.1991920	1.2776754	1.1106355	1.3009906	0.9339282	1.7189898	1.3352254	0.7110777	1.4715061	0.0000000	0.9729641	1.4246812	2.0650271	0.7602501	0.8929292	1.2777283	
Schistocephalus_solidus_AP017669	1.2951830	0.5468226	1.2732411	1.1194369	1.5345948	1.2133981	0.4688458	1.8637260	1.5889290	1.0521223	1.4185698	0.9729641	0.0000000	1.2181107	2.4437608	1.0795351	0.4953643	1.2980248	
Schistosoma_mansoni_AF216698	1.3222096	1.3625802	0.9988311	1.2597015	1.9675974	1.1382449	1.1889556	1.9962951	1.3139190	1.6722681	1.2004472	1.4246812	1.2181107	0.0000000	2.9730967	1.4714874	1.2479073	0.5710303	
Schmidtea_mediterranea_JX398125	3.1412969	2.1450405	2.1428870	2.9139144	2.9453332	2.3548641	2.3347122	1.9576754	2.3809698	2.3293787	2.3269261	2.0650271	2.4437608	2.9730967	0.0000000	2.0842559	2.0000868	2.4844245	
Scutogyrus_longicornis_NC_056186	1.2656999	0.9863647	1.2195499	1.1751708	1.4144953	1.4767556	1.0343574	2.7649147	1.4115797	1.0582530	1.5930020	0.7602501	1.0795351	1.4714874	2.0842559	0.0000000	1.0319068	1.6862941	
Taenia_asiatica_AP017670	1.3298935	0.2456940	1.0603045	1.2431299	1.6302273	1.2462784	0.3739129	1.8863604	1.2856832	1.1224959	1.2815391	0.8929292	0.4953643	1.2479073	2.0000868	1.0319068	0.0000000	1.1699228	
Trichobilharzia_regenti_NC_009680	1.3078443	1.2909320	1.1313500	1.2205424	2.0118456	1.2930846	1.1915330	2.0071898	1.5250157	1.5102488	1.2392913	1.2777283	1.2980248	0.5710303	2.4844245	1.6862941	1.1699228	0.0000000	
