Clonorchis_sinensis_MT607652	0	0.7086563	0.6755465	0.4492577	0.8089388	0.6689926	0.6962714	0.7522235	0.6750044	0.7638995	0.6828235	0.8501993	0.635832	0.5447021	0.8238202	0.8311005	0.6891036	0.565393
Echinococcus_multilocularis_AB018440	0.7086563	0	0.216457	0.1852215	0.3632528	0.2176181	0.0778881	0.2767817	0.2183877	0.3328219	0.2283908	0.3492584	0.0789981	0.1993954	0.3812324	0.3148765	0.0515678	0.2199979
Eudiplozoon_nipponicum_MW704020	0.6755465	0.216457	0	0.1940854	0.3414173	0.057135	0.219427	0.2729713	0.0429822	0.3488809	0.0352977	0.3910799	0.1880159	0.203492	0.3285011	0.3269725	0.2124781	0.2203428
Fasciola_hepatica_AF216697	0.4492577	0.1852215	0.1940854	0	0.3167024	0.1817903	0.1701437	0.2128016	0.1847352	0.326304	0.1917164	0.3411672	0.1463246	0.0893849	0.3112956	0.2943802	0.1686781	0.0997545
Gyrodactylus_salaris_NC_008815	0.8089388	0.3632528	0.3414173	0.3167024	0	0.3583897	0.3408623	0.3399331	0.3371483	0.2452343	0.352698	0.3725055	0.3249937	0.3292725	0.4579071	0.2605582	0.3292382	0.346064
Heterobothrium_okamotoi_MK948930	0.6689926	0.2176181	0.057135	0.1817903	0.3583897	0	0.2145929	0.2709343	0.0446074	0.3455998	0.0582481	0.4072504	0.1888104	0.1877773	0.3404296	0.3218098	0.2102438	0.2170574
Hymenolepis_microstoma_LC102493	0.6962714	0.0778881	0.219427	0.1701437	0.3408623	0.2145929	0	0.2687612	0.2242534	0.3132273	0.2214324	0.3620465	0.0519683	0.1902552	0.3505498	0.305956	0.053147	0.210726
Macrostomum_lignano_NC_035255	0.7522235	0.2767817	0.2729713	0.2128016	0.3399331	0.2709343	0.2687612	0	0.2677184	0.389009	0.2856082	0.3122952	0.2406651	0.2203006	0.3156208	0.2958708	0.2639556	0.236072
Microcotyle_sebastis_DQ412044	0.6750044	0.2183877	0.0429822	0.1847352	0.3371483	0.0446074	0.2242534	0.2677184	0	0.345581	0.0529795	0.3743971	0.1854562	0.1903223	0.3402107	0.3185216	0.2061132	0.2180533
Neobenedenia_melleni_JQ038228	0.7638995	0.3328219	0.3488809	0.326304	0.2452343	0.3455998	0.3132273	0.389009	0.345581	0	0.3374171	0.3359782	0.3177594	0.3344646	0.4462989	0.2919677	0.3113795	0.3449615
Paradiplozoon_opsariichthydis_MG458327	0.6828235	0.2283908	0.0352977	0.1917164	0.352698	0.0582481	0.2214324	0.2856082	0.0529795	0.3374171	0	0.418456	0.1927364	0.2038161	0.3306262	0.3388393	0.2123482	0.2268283
Rhabdosynochus_viridisi_MW565922	0.8501993	0.3492584	0.3910799	0.3411672	0.3725055	0.4072504	0.3620465	0.3122952	0.3743971	0.3359782	0.418456	0	0.322217	0.3382887	0.3839177	0.204377	0.3459742	0.3489742
Schistocephalus_solidus_AP017669	0.635832	0.0789981	0.1880159	0.1463246	0.3249937	0.1888104	0.0519683	0.2406651	0.1854562	0.3177594	0.1927364	0.322217	0	0.1669706	0.3349883	0.2796183	0.0524725	0.1849306
Schistosoma_mansoni_AF216698	0.5447021	0.1993954	0.203492	0.0893849	0.3292725	0.1877773	0.1902552	0.2203006	0.1903223	0.3344646	0.2038161	0.3382887	0.1669706	0	0.316816	0.2884975	0.1783793	0.0355491
Schmidtea_mediterranea_JX398125	0.8238202	0.3812324	0.3285011	0.3112956	0.4579071	0.3404296	0.3505498	0.3156208	0.3402107	0.4462989	0.3306262	0.3839177	0.3349883	0.316816	0	0.409411	0.3583923	0.3130095
Scutogyrus_longicornis_NC_056186	0.8311005	0.3148765	0.3269725	0.2943802	0.2605582	0.3218098	0.305956	0.2958708	0.3185216	0.2919677	0.3388393	0.204377	0.2796183	0.2884975	0.409411	0	0.3152159	0.3015627
Taenia_asiatica_AP017670	0.6891036	0.0515678	0.2124781	0.1686781	0.3292382	0.2102438	0.053147	0.2639556	0.2061132	0.3113795	0.2123482	0.3459742	0.0524725	0.1783793	0.3583923	0.3152159	0	0.2042094
Trichobilharzia_regenti_NC_009680	0.565393	0.2199979	0.2203428	0.0997545	0.346064	0.2170574	0.210726	0.236072	0.2180533	0.3449615	0.2268283	0.3489742	0.1849306	0.0355491	0.3130095	0.3015627	0.2042094	0
