Heterobothrium_okamotoi_MK948930	0.0000000	1.0100001	1.0989127	1.8415421	2.1534753	2.5971659	2.9040276	5.2736777	2.2555788	2.3083286	2.0618357	2.6253268	2.3592439	2.1390448	2.2304074	2.5098066	3.0438087	3.1969851	
Microcotyle_sebastis_DQ412044	1.0100001	0.0000000	1.1004935	2.6436068	2.7275740	2.7950740	2.4973907	5.1476730	3.3234390	4.7146600	2.4487716	3.2486666	3.4457781	3.2262353	3.6476118	2.6865519	3.5436258	4.3336834	
Eudiplozoon_nipponicum_MW704020	1.0989127	1.1004935	0.0000000	1.1267085	2.1114488	3.1000898	3.7160952	4.1215265	2.4462950	2.3367387	2.2718164	2.0926261	2.8472372	2.0958967	2.0583923	2.1017081	2.5080937	2.5699593	
Paradiplozoon_opsariichthydis_MG458327	1.8415421	2.6436068	1.1267085	0.0000000	2.1102989	2.5184856	3.9279103	5.0471511	2.3603336	2.1426748	4.7036510	3.9260468	3.5164719	2.0977657	1.7285803	2.3327511	2.0226161	3.3476369	
Rhabdosynochus_viridisi_MW565922	2.1534753	2.7275740	2.1114488	2.1102989	0.0000000	2.5557771	2.5526174	2.3271807	1.9763019	2.2656416	1.0259894	1.8036491	1.5415078	1.5296363	1.8960723	1.6914611	2.2323213	2.3810756	
Gyrodactylus_salaris_NC_008815	2.5971659	2.7950740	3.1000898	2.5184856	2.5557771	0.0000000	2.8015216	6.5674671	2.2549994	2.6163876	2.2744767	2.7918626	2.6650961	3.0169041	3.0424901	3.0957026	3.1635055	3.3860456	
Macrostomum_lignano_NC_035255	2.9040276	2.4973907	3.7160952	3.9279103	2.5526174	2.8015216	0.0000000	1.7352125	2.6087349	2.8176148	2.9420356	3.2663642	4.9600979	3.1400142	3.6171242	2.9862655	2.8110695	3.1674513	
Schmidtea_mediterranea_JX398125	5.2736777	5.1476730	4.1215265	5.0471511	2.3271807	6.5674671	1.7352125	0.0000000	2.5919247	2.2273278	3.1599416	4.7323378	3.9969547	3.1955881	3.0191823	2.7670632	2.4714427	2.8915369	
Clonorchis_sinensis_MT607652	2.2555788	3.3234390	2.4462950	2.3603336	1.9763019	2.2549994	2.6087349	2.5919247	0.0000000	0.6535508	1.6284060	1.9762828	2.2681715	1.5275170	1.2741401	1.2954701	1.3135091	1.3346108	
Fasciola_hepatica_AF216697	2.3083286	4.7146600	2.3367387	2.1426748	2.2656416	2.6163876	2.8176148	2.2273278	0.6535508	0.0000000	1.3750590	2.0946757	1.9011615	1.2680925	1.4266947	1.3523626	1.1875845	1.2315406	
Neobenedenia_melleni_JQ038228	2.0618357	2.4487716	2.2718164	4.7036510	1.0259894	2.2744767	2.9420356	3.1599416	1.6284060	1.3750590	0.0000000	1.6028568	1.6067619	1.4030023	1.2105113	1.8222100	1.6544818	1.7367181	
Scutogyrus_longicornis_NC_056186	2.6253268	3.2486666	2.0926261	3.9260468	1.8036491	2.7918626	3.2663642	4.7323378	1.9762828	2.0946757	1.6028568	0.0000000	3.2000346	1.8210737	1.9423837	1.6190679	1.8569461	2.1402965	
Schistosoma_mansoni_AF216698	2.3592439	3.4457781	2.8472372	3.5164719	1.5415078	2.6650961	4.9600979	3.9969547	2.2681715	1.9011615	1.6067619	3.2000346	0.0000000	1.6761294	2.5563565	2.2815912	2.0416044	3.0011245	
Trichobilharzia_regenti_NC_009680	2.1390448	3.2262353	2.0958967	2.0977657	1.5296363	3.0169041	3.1400142	3.1955881	1.5275170	1.2680925	1.4030023	1.8210737	1.6761294	0.0000000	1.5589502	1.7286622	1.4034844	1.3548441	
Hymenolepis_microstoma_LC102493	2.2304074	3.6476118	2.0583923	1.7285803	1.8960723	3.0424901	3.6171242	3.0191823	1.2741401	1.4266947	1.2105113	1.9423837	2.5563565	1.5589502	0.0000000	0.7148516	0.6502087	1.0045021	
Schistocephalus_solidus_AP017669	2.5098066	2.6865519	2.1017081	2.3327511	1.6914611	3.0957026	2.9862655	2.7670632	1.2954701	1.3523626	1.8222100	1.6190679	2.2815912	1.7286622	0.7148516	0.0000000	0.9841653	0.9601218	
Echinococcus_multilocularis_AB018440	3.0438087	3.5436258	2.5080937	2.0226161	2.2323213	3.1635055	2.8110695	2.4714427	1.3135091	1.1875845	1.6544818	1.8569461	2.0416044	1.4034844	0.6502087	0.9841653	0.0000000	0.4997774	
Taenia_asiatica_AP017670	3.1969851	4.3336834	2.5699593	3.3476369	2.3810756	3.3860456	3.1674513	2.8915369	1.3346108	1.2315406	1.7367181	2.1402965	3.0011245	1.3548441	1.0045021	0.9601218	0.4997774	0.0000000	
